338
1110000000000111
0.0
1101000000001011
0.0
1100100000010011
0.0
1100100000001101
0.0
1100010000100011
0.0
1100010000010101
0.0
1100010000001110
0.0
1100001001000011
0.0
1100001000100101
0.0
1100001000011001
0.0
1100001000010110
0.0
1100000110000011
0.0
1100000101000101
0.0
1100000100101001
0.0
1100000100100110
0.0
1100000100011010
0.0
1100000011001001
0.0
1100000011000110
0.0
1100000010110001
0.0
1100000010101010
0.0
1100000010011100
0.0
1100000001110010
0.0
1100000001101100
0.0
1011000000010011
0.0
1011000000001101
0.0
1010100000100011
0.0
1010100000010101
0.0
1010100000001110
0.0
1010010001000011
0.0
1010010000100101
0.0
1010010000011001
0.0
1010010000010110
0.0
1010001010000011
0.0
1010001001000101
0.0
1010001000101001
0.0
1010001000100110
0.0
1010001000011010
0.0
1010000110000101
0.0
1010000101001001
0.0
1010000101000110
0.0
1010000100110001
0.0
1010000100101010
0.0
1010000100011100
0.0
1010000011010001
0.0
1010000011001010
0.0
1010000010110010
0.0
1010000010101100
0.0
1010000001110100
0.0
1001100001000011
0.0
1001100000100101
0.0
1001100000011001
0.0
1001100000010110
0.0
1001010010000011
0.0
1001010001000101
0.0
1001010000101001
0.0
1001010000100110
0.0
1001010000011010
0.0
1001001100000011
0.0
1001001010000101
0.0
1001001001001001
0.0
1001001001000110
0.0
1001001000110001
0.0
1001001000101010
0.0
1001001000011100
0.0
1001000110001001
0.0
1001000110000110
0.0
1001000101010001
0.0
1001000101001010
0.0
1001000100110010
0.0
1001000100101100
0.0
1001000011100001
0.0
1001000011010010
0.0
1001000011001100
0.0
1001000010110100
0.0
1001000001111000
0.0
1000110100000011
0.0
1000110010000101
0.0
1000110001001001
0.0
1000110001000110
0.0
1000110000110001
0.0
1000110000101010
0.0
1000110000011100
0.0
1000101100000101
0.0
1000101010001001
0.0
1000101010000110
0.0
1000101001010001
0.0
1000101001001010
0.0
1000101000110010
0.0
1000101000101100
0.0
1000100110010001
0.0
1000100110001010
0.0
1000100101100001
0.0
1000100101010010
0.0
1000100101001100
0.0
1000100100110100
0.0
1000100011100010
0.0
1000100011010100
0.0
1000100010111000
0.0
1000011100001001
0.0
1000011100000110
0.0
1000011010010001
0.0
1000011010001010
0.0
1000011001100001
0.0
1000011001010010
0.0
1000011001001100
0.0
1000011000110100
0.0
1000010110100001
0.0
1000010110010010
0.0
1000010110001100
0.0
1000010101100010
0.0
1000010101010100
0.0
1000010100111000
0.0
1000010011100100
0.0
1000010011011000
0.0
1000001111000001
0.0
1000001110100010
0.0
1000001110010100
0.0
1000001101100100
0.0
1000001101011000
0.0
1000001011101000
0.0
1000000111110000
0.0
0111000000100011
0.0
0111000000010101
0.0
0111000000001110
0.0
0110100001000011
0.0
0110100000100101
0.0
0110100000011001
0.0
0110100000010110
0.0
0110010010000011
0.0
0110010001000101
0.0
0110010000101001
0.0
0110010000100110
0.0
0110010000011010
0.0
0110001100000011
0.0
0110001010000101
0.0
0110001001001001
0.0
0110001001000110
0.0
0110001000110001
0.0
0110001000101010
0.0
0110001000011100
0.0
0110000110001001
0.0
0110000110000110
0.0
0110000101010001
0.0
0110000101001010
0.0
0110000100110010
0.0
0110000100101100
0.0
0110000011100001
0.0
0110000011010010
0.0
0110000011001100
0.0
0110000010110100
0.0
0110000001111000
0.0
0101100010000011
0.0
0101100001000101
0.0
0101100000101001
0.0
0101100000100110
0.0
0101100000011010
0.0
0101010100000011
0.0
0101010010000101
0.0
0101010001001001
0.0
0101010001000110
0.0
0101010000110001
0.0
0101010000101010
0.0
0101010000011100
0.0
0101001100000101
0.0
0101001010001001
0.0
0101001010000110
0.0
0101001001010001
0.0
0101001001001010
0.0
0101001000110010
0.0
0101001000101100
0.0
0101000110010001
0.0
0101000110001010
0.0
0101000101100001
0.0
0101000101010010
0.0
0101000101001100
0.0
0101000100110100
0.0
0101000011100010
0.0
0101000011010100
0.0
0101000010111000
0.0
0100111000000011
0.0
0100110100000101
0.0
0100110010001001
0.0
0100110010000110
0.0
0100110001010001
0.0
0100110001001010
0.0
0100110000110010
0.0
0100110000101100
0.0
0100101100001001
0.0
0100101100000110
0.0
0100101010010001
0.0
0100101010001010
0.0
0100101001100001
0.0
0100101001010010
0.0
0100101001001100
0.0
0100101000110100
0.0
0100100110100001
0.0
0100100110010010
0.0
0100100110001100
0.0
0100100101100010
0.0
0100100101010100
0.0
0100100100111000
0.0
0100100011100100
0.0
0100100011011000
0.0
0100011100010001
0.0
0100011100001010
0.0
0100011010100001
0.0
0100011010010010
0.0
0100011010001100
0.0
0100011001100010
0.0
0100011001010100
0.0
0100011000111000
0.0
0100010111000001
0.0
0100010110100010
0.0
0100010110010100
0.0
0100010101100100
0.0
0100010101011000
0.0
0100010011101000
0.0
0100001111000010
0.0
0100001110100100
0.0
0100001110011000
0.0
0100001101101000
0.0
0100001011110000
0.0
0011100100000011
0.0
0011100010000101
0.0
0011100001001001
0.0
0011100001000110
0.0
0011100000110001
0.0
0011100000101010
0.0
0011100000011100
0.0
0011011000000011
0.0
0011010100000101
0.0
0011010010001001
0.0
0011010010000110
0.0
0011010001010001
0.0
0011010001001010
0.0
0011010000110010
0.0
0011010000101100
0.0
0011001100001001
0.0
0011001100000110
0.0
0011001010010001
0.0
0011001010001010
0.0
0011001001100001
0.0
0011001001010010
0.0
0011001001001100
0.0
0011001000110100
0.0
0011000110100001
0.0
0011000110010010
0.0
0011000110001100
0.0
0011000101100010
0.0
0011000101010100
0.0
0011000100111000
0.0
0011000011100100
0.0
0011000011011000
0.0
0010111000000101
0.0
0010110100001001
0.0
0010110100000110
0.0
0010110010010001
0.0
0010110010001010
0.0
0010110001100001
0.0
0010110001010010
0.0
0010110001001100
0.0
0010110000110100
0.0
0010101100010001
0.0
0010101100001010
0.0
0010101010100001
0.0
0010101010010010
0.0
0010101010001100
0.0
0010101001100010
0.0
0010101001010100
0.0
0010101000111000
0.0
0010100111000001
0.0
0010100110100010
0.0
0010100110010100
0.0
0010100101100100
0.0
0010100101011000
0.0
0010100011101000
0.0
0010011100100001
0.0
0010011100010010
0.0
0010011100001100
0.0
0010011011000001
0.0
0010011010100010
0.0
0010011010010100
0.0
0010011001100100
0.0
0010011001011000
0.0
0010010111000010
0.0
0010010110100100
0.0
0010010110011000
0.0
0010010101101000
0.0
0010010011110000
0.0
0010001111000100
0.0
0010001110101000
0.0
0010001101110000
0.0
0001111000001001
0.0
0001111000000110
0.0
0001110100010001
0.0
0001110100001010
0.0
0001110010100001
0.0
0001110010010010
0.0
0001110010001100
0.0
0001110001100010
0.0
0001110001010100
0.0
0001110000111000
0.0
0001101100100001
0.0
0001101100010010
0.0
0001101100001100
0.0
0001101011000001
0.0
0001101010100010
0.0
0001101010010100
0.0
0001101001100100
0.0
0001101001011000
0.0
0001100111000010
0.0
0001100110100100
0.0
0001100110011000
0.0
0001100101101000
0.0
0001100011110000
0.0
0001011101000001
0.0
0001011100100010
0.0
0001011100010100
0.0
0001011011000010
0.0
0001011010100100
0.0
0001011010011000
0.0
0001011001101000
0.0
0001010111000100
0.0
0001010110101000
0.0
0001010101110000
0.0
0001001111001000
0.0
0001001110110000
0.0
0000111110000001
0.0
0000111101000010
0.0
0000111100100100
0.0
0000111100011000
0.0
0000111011000100
0.0
0000111010101000
0.0
0000111001110000
0.0
0000110111001000
0.0
0000110110110000
0.0
0000101111010000
0.0
0000011111100000
0.0
